12345678 kafm 13579; 1 0 
12345679 强淑婷 13579; 2 0
12345680 王凯丽 13579; 3 0
12345681 王舜 13579; 4 0
12345682 李万彬 13579; 2 0
12345683 李易峰 13579; 3 0
12345684 杨洋 13579; 3 0
12345685 杨幂 13579; 3 0
12345686 刘德华 13579; 2 0
12345687 周星驰 13579; 3 0
12345688 张学友 13579; 3 0
12345689 陈晓琪 13579; 3 0
12345690 董玉敏 13579; 3 0
12345691 张子宇 13579; 3 0
12345692 白居易 13579; 2 0
12345693 汪啸吟 13579; 2 0
12345694 张三 13579; 3 0
12345695 李斯 13579; 3 0
12345696 王武 13579; 3 0
12345697 赵六 13579; 3 0
12345698 尼奇 13579; 3 0
12345699 乐华 13579; 3 0
12345682 qwer 13579; 4 0
12345683 sdfg 13579; 4 0
